
Ii=[complex(1.000000,0.000000) complex(0.000000,0.000000) 
complex(0.000000,0.000000) complex(1.000000,0.000000) ];

Iz=[complex(0.500000,0.000000) complex(0.000000,0.000000) 
complex(0.000000,0.000000) complex(-0.500000,0.000000) ];

Ix=[complex(0.000000,0.000000) complex(0.500000,0.000000) 
complex(0.500000,0.000000) complex(0.000000,0.000000) ];

Iy=[complex(0.000000,0.000000) complex(0.000000,-0.500000) 
complex(0.000000,0.500000) complex(0.000000,0.000000) ];

Ip=[complex(0.000000,0.000000) complex(1.000000,0.000000) 
complex(0.000000,0.000000) complex(0.000000,0.000000) ];

Im=[complex(0.000000,0.000000) complex(0.000000,0.000000) 
complex(1.000000,0.000000) complex(0.000000,0.000000) ];
